K: 334.78419 0.0 317.07016 0.0 332.67743 234.32726 0.0 0.0 1.0
D: -0.164539 0.026521 -0.004782 -0.004943 0.000000