K: 1166.26303 3.80988 1619.56279 0.0 1169.02224 1199.32755 0.0 0.0 1.0
D: -0.020134 -0.051269 0.054285 -0.020625

