K: 1176.25092 1.22135 1630.5809 0.0 1178.54101 1203.87594 0.0 0.0 1.0
D: -0.038906 -0.001490 0.006470 -0.004175
